0b
00
08
00
1c
00
2c
00
05
00
15
00
12
00
2c
00
1a
00
0b
00
04
00
17
00
16
00
2c
00
18
00
13
00
28
00
28
00
13
00
04
00
16
00
16
00
1a
00
12
00
15
00
07
00
2c
00
09
00
12
00
15
00
2c
00
17
00
0b
00
08
00
2c
00
07
00
12
00
06
00
16
00
2c
00
00
00
0c
00
34
00
10
00
2c
00
13
00
04
00
16
00
16
00
0c
00
11
00
0a
00
2c
00
1c
00
12
00
18
00
2c
00
0c
00
16
00
2c
00
00
0c
00
00
04
00
10
00
00
16
00
00
18
00
13
00
08
00
15
00
00
06
00
00
27
00
12
00
0f
00
00
04
00
00
10
00
0c
00
00
15
00
00
0c
00
00
17
00
00
08
00
00
1e
00
00
28
00
28
00
17
00
0b
00
04
00
11
00
0e
00
16
00
2c
00
10
00
04
00
11
00
36
00
2c
00
16
00
08
00
08
00
2c
00
1c
00
12
00
18
00
2c
00
12
00
11
00
2c
00
17
00
0b
00
08
00
2c
00
12
00
17
00
0b
00
08
00
15
00
2c
00
16
00
0c
00
07
00
08
00